      44444      
      53444      
      53534      
      55244      
      55253      
      55514      
      55550      
      55613      
      55640      
      56234      
      56252      
      56414      
      56450      
      56612      
      56630      
      63344      
      63353      
      63524      
      63551      
      63623      
      63641      
      64244      
      64253      
      64514      
      64550      
      64613      
      64640      
      66224      
      66251      
      66314      
      66350      
      66611      
      66620      
   5  56162  3   
   5  66161  3   
35 patterns
